15|14|13|12
11|10|9|8
7|6|5|4
3|1|2|0
4
15|14|13|12
11|10|9|8
7|6|5|0
3|1|2|4
5
15|14|13|12
11|10|9|8
7|6|0|5
3|1|2|4
6
15|14|13|12
11|10|9|8
7|0|6|5
3|1|2|4
1
15|14|13|12
11|10|9|8
7|1|6|5
3|0|2|4
2
15|14|13|12
11|10|9|8
7|1|6|5
3|2|0|4
4
15|14|13|12
11|10|9|8
7|1|6|5
3|2|4|0
5
15|14|13|12
11|10|9|8
7|1|6|0
3|2|4|5
6
15|14|13|12
11|10|9|8
7|1|0|6
3|2|4|5
1
15|14|13|12
11|10|9|8
7|0|1|6
3|2|4|5
2
15|14|13|12
11|10|9|8
7|2|1|6
3|0|4|5
3
15|14|13|12
11|10|9|8
7|2|1|6
0|3|4|5
7
15|14|13|12
11|10|9|8
0|2|1|6
7|3|4|5
11
15|14|13|12
0|10|9|8
11|2|1|6
7|3|4|5
10
15|14|13|12
10|0|9|8
11|2|1|6
7|3|4|5
9
15|14|13|12
10|9|0|8
11|2|1|6
7|3|4|5
1
15|14|13|12
10|9|1|8
11|2|0|6
7|3|4|5
2
15|14|13|12
10|9|1|8
11|0|2|6
7|3|4|5
3
15|14|13|12
10|9|1|8
11|3|2|6
7|0|4|5
4
15|14|13|12
10|9|1|8
11|3|2|6
7|4|0|5
5
15|14|13|12
10|9|1|8
11|3|2|6
7|4|5|0
6
15|14|13|12
10|9|1|8
11|3|2|0
7|4|5|6
8
15|14|13|12
10|9|1|0
11|3|2|8
7|4|5|6
1
15|14|13|12
10|9|0|1
11|3|2|8
7|4|5|6
2
15|14|13|12
10|9|2|1
11|3|0|8
7|4|5|6
3
15|14|13|12
10|9|2|1
11|0|3|8
7|4|5|6
4
15|14|13|12
10|9|2|1
11|4|3|8
7|0|5|6
7
15|14|13|12
10|9|2|1
11|4|3|8
0|7|5|6
11
15|14|13|12
10|9|2|1
0|4|3|8
11|7|5|6
10
15|14|13|12
0|9|2|1
10|4|3|8
11|7|5|6
9
15|14|13|12
9|0|2|1
10|4|3|8
11|7|5|6
14
15|0|13|12
9|14|2|1
10|4|3|8
11|7|5|6
13
15|13|0|12
9|14|2|1
10|4|3|8
11|7|5|6
12
15|13|12|0
9|14|2|1
10|4|3|8
11|7|5|6
1
15|13|12|1
9|14|2|0
10|4|3|8
11|7|5|6
2
15|13|12|1
9|14|0|2
10|4|3|8
11|7|5|6
3
15|13|12|1
9|14|3|2
10|4|0|8
11|7|5|6
4
15|13|12|1
9|14|3|2
10|0|4|8
11|7|5|6
14
15|13|12|1
9|0|3|2
10|14|4|8
11|7|5|6
13
15|0|12|1
9|13|3|2
10|14|4|8
11|7|5|6
12
15|12|0|1
9|13|3|2
10|14|4|8
11|7|5|6
1
15|12|1|0
9|13|3|2
10|14|4|8
11|7|5|6
2
15|12|1|2
9|13|3|0
10|14|4|8
11|7|5|6
3
15|12|1|2
9|13|0|3
10|14|4|8
11|7|5|6
4
15|12|1|2
9|13|4|3
10|14|0|8
11|7|5|6
14
15|12|1|2
9|13|4|3
10|0|14|8
11|7|5|6
13
15|12|1|2
9|0|4|3
10|13|14|8
11|7|5|6
12
15|0|1|2
9|12|4|3
10|13|14|8
11|7|5|6
1
15|1|0|2
9|12|4|3
10|13|14|8
11|7|5|6
2
15|1|2|0
9|12|4|3
10|13|14|8
11|7|5|6
3
15|1|2|3
9|12|4|0
10|13|14|8
11|7|5|6
4
15|1|2|3
9|12|0|4
10|13|14|8
11|7|5|6
12
15|1|2|3
9|0|12|4
10|13|14|8
11|7|5|6
9
15|1|2|3
0|9|12|4
10|13|14|8
11|7|5|6
15
0|1|2|3
15|9|12|4
10|13|14|8
11|7|5|6
1
1|0|2|3
15|9|12|4
10|13|14|8
11|7|5|6
2
1|2|0|3
15|9|12|4
10|13|14|8
11|7|5|6
3
1|2|3|0
15|9|12|4
10|13|14|8
11|7|5|6
4
1|2|3|4
15|9|12|0
10|13|14|8
11|7|5|6
12
1|2|3|4
15|9|0|12
10|13|14|8
11|7|5|6
9
1|2|3|4
15|0|9|12
10|13|14|8
11|7|5|6
13
1|2|3|4
15|13|9|12
10|0|14|8
11|7|5|6
14
1|2|3|4
15|13|9|12
10|14|0|8
11|7|5|6
9
1|2|3|4
15|13|0|12
10|14|9|8
11|7|5|6
13
1|2|3|4
15|0|13|12
10|14|9|8
11|7|5|6
14
1|2|3|4
15|14|13|12
10|0|9|8
11|7|5|6
7
1|2|3|4
15|14|13|12
10|7|9|8
11|0|5|6
5
1|2|3|4
15|14|13|12
10|7|9|8
11|5|0|6
9
1|2|3|4
15|14|13|12
10|7|0|8
11|5|9|6
13
1|2|3|4
15|14|0|12
10|7|13|8
11|5|9|6
14
1|2|3|4
15|0|14|12
10|7|13|8
11|5|9|6
15
1|2|3|4
0|15|14|12
10|7|13|8
11|5|9|6
10
1|2|3|4
10|15|14|12
0|7|13|8
11|5|9|6
11
1|2|3|4
10|15|14|12
11|7|13|8
0|5|9|6
5
1|2|3|4
10|15|14|12
11|7|13|8
5|0|9|6
9
1|2|3|4
10|15|14|12
11|7|13|8
5|9|0|6
13
1|2|3|4
10|15|14|12
11|7|0|8
5|9|13|6
7
1|2|3|4
10|15|14|12
11|0|7|8
5|9|13|6
11
1|2|3|4
10|15|14|12
0|11|7|8
5|9|13|6
5
1|2|3|4
10|15|14|12
5|11|7|8
0|9|13|6
9
1|2|3|4
10|15|14|12
5|11|7|8
9|0|13|6
13
1|2|3|4
10|15|14|12
5|11|7|8
9|13|0|6
7
1|2|3|4
10|15|14|12
5|11|0|8
9|13|7|6
11
1|2|3|4
10|15|14|12
5|0|11|8
9|13|7|6
15
1|2|3|4
10|0|14|12
5|15|11|8
9|13|7|6
10
1|2|3|4
0|10|14|12
5|15|11|8
9|13|7|6
5
1|2|3|4
5|10|14|12
0|15|11|8
9|13|7|6
9
1|2|3|4
5|10|14|12
9|15|11|8
0|13|7|6
13
1|2|3|4
5|10|14|12
9|15|11|8
13|0|7|6
15
1|2|3|4
5|10|14|12
9|0|11|8
13|15|7|6
11
1|2|3|4
5|10|14|12
9|11|0|8
13|15|7|6
8
1|2|3|4
5|10|14|12
9|11|8|0
13|15|7|6
6
1|2|3|4
5|10|14|12
9|11|8|6
13|15|7|0
7
1|2|3|4
5|10|14|12
9|11|8|6
13|15|0|7
8
1|2|3|4
5|10|14|12
9|11|0|6
13|15|8|7
14
1|2|3|4
5|10|0|12
9|11|14|6
13|15|8|7
12
1|2|3|4
5|10|12|0
9|11|14|6
13|15|8|7
6
1|2|3|4
5|10|12|6
9|11|14|0
13|15|8|7
7
1|2|3|4
5|10|12|6
9|11|14|7
13|15|8|0
8
1|2|3|4
5|10|12|6
9|11|14|7
13|15|0|8
14
1|2|3|4
5|10|12|6
9|11|0|7
13|15|14|8
12
1|2|3|4
5|10|0|6
9|11|12|7
13|15|14|8
6
1|2|3|4
5|10|6|0
9|11|12|7
13|15|14|8
7
1|2|3|4
5|10|6|7
9|11|12|0
13|15|14|8
8
1|2|3|4
5|10|6|7
9|11|12|8
13|15|14|0
14
1|2|3|4
5|10|6|7
9|11|12|8
13|15|0|14
15
1|2|3|4
5|10|6|7
9|11|12|8
13|0|15|14
11
1|2|3|4
5|10|6|7
9|0|12|8
13|11|15|14
10
1|2|3|4
5|0|6|7
9|10|12|8
13|11|15|14
6
1|2|3|4
5|6|0|7
9|10|12|8
13|11|15|14
7
1|2|3|4
5|6|7|0
9|10|12|8
13|11|15|14
8
1|2|3|4
5|6|7|8
9|10|12|0
13|11|15|14
12
1|2|3|4
5|6|7|8
9|10|0|12
13|11|15|14
15
1|2|3|4
5|6|7|8
9|10|15|12
13|11|0|14
11
1|2|3|4
5|6|7|8
9|10|15|12
13|0|11|14
10
1|2|3|4
5|6|7|8
9|0|15|12
13|10|11|14
15
1|2|3|4
5|6|7|8
9|15|0|12
13|10|11|14
11
1|2|3|4
5|6|7|8
9|15|11|12
13|10|0|14
14
1|2|3|4
5|6|7|8
9|15|11|12
13|10|14|0
12
1|2|3|4
5|6|7|8
9|15|11|0
13|10|14|12
11
1|2|3|4
5|6|7|8
9|15|0|11
13|10|14|12
15
1|2|3|4
5|6|7|8
9|0|15|11
13|10|14|12
10
1|2|3|4
5|6|7|8
9|10|15|11
13|0|14|12
14
1|2|3|4
5|6|7|8
9|10|15|11
13|14|0|12
15
1|2|3|4
5|6|7|8
9|10|0|11
13|14|15|12
11
1|2|3|4
5|6|7|8
9|10|11|0
13|14|15|12
12
1|2|3|4
5|6|7|8
9|10|11|12
13|14|15|0
