8|7|6
5|4|3
2|1|0
3
8|7|6
5|4|0
2|1|3
4
8|7|6
5|0|4
2|1|3
1
8|7|6
5|1|4
2|0|3
2
8|7|6
5|1|4
0|2|3
5
8|7|6
0|1|4
5|2|3
8
0|7|6
8|1|4
5|2|3
7
7|0|6
8|1|4
5|2|3
6
7|6|0
8|1|4
5|2|3
4
7|6|4
8|1|0
5|2|3
1
7|6|4
8|0|1
5|2|3
2
7|6|4
8|2|1
5|0|3
5
7|6|4
8|2|1
0|5|3
8
7|6|4
0|2|1
8|5|3
7
0|6|4
7|2|1
8|5|3
6
6|0|4
7|2|1
8|5|3
4
6|4|0
7|2|1
8|5|3
1
6|4|1
7|2|0
8|5|3
2
6|4|1
7|0|2
8|5|3
4
6|0|1
7|4|2
8|5|3
1
6|1|0
7|4|2
8|5|3
2
6|1|2
7|4|0
8|5|3
3
6|1|2
7|4|3
8|5|0
5
6|1|2
7|4|3
8|0|5
4
6|1|2
7|0|3
8|4|5
7
6|1|2
0|7|3
8|4|5
6
0|1|2
6|7|3
8|4|5
1
1|0|2
6|7|3
8|4|5
2
1|2|0
6|7|3
8|4|5
3
1|2|3
6|7|0
8|4|5
7
1|2|3
6|0|7
8|4|5
4
1|2|3
6|4|7
8|0|5
8
1|2|3
6|4|7
0|8|5
6
1|2|3
0|4|7
6|8|5
4
1|2|3
4|0|7
6|8|5
8
1|2|3
4|8|7
6|0|5
5
1|2|3
4|8|7
6|5|0
7
1|2|3
4|8|0
6|5|7
8
1|2|3
4|0|8
6|5|7
5
1|2|3
4|5|8
6|0|7
6
1|2|3
4|5|8
0|6|7
4
1|2|3
0|5|8
4|6|7
5
1|2|3
5|0|8
4|6|7
6
1|2|3
5|6|8
4|0|7
7
1|2|3
5|6|8
4|7|0
8
1|2|3
5|6|0
4|7|8
6
1|2|3
5|0|6
4|7|8
5
1|2|3
0|5|6
4|7|8
4
1|2|3
4|5|6
0|7|8
7
1|2|3
4|5|6
7|0|8
8
1|2|3
4|5|6
7|8|0
